29016.0	10.742963	0.971401	2	
9916.0	2.695935	1.512111	1	
79016.0	7.782169	0.404385	0	
37776.0	2.425781	1.559467	0	
71289.0	7.796874	0.052336	0	
66603.0	10.261887	1.628085	0	
30254.0	11.592723	0.286188	2	
63275.0	8.385879	1.669485	0	
42545.0	3.677287	0.244167	0	
33835.0	8.188005	0.964896	2	
67417.0	3.254877	0.669546	0	
41892.0	10.506276	1.510747	2	
66972.0	9.129253	0.594089	0	
22834.0	4.459495	0.538867	0	
19896.0	11.916091	0.025294	2	
20210.0	10.10755	1.308398	2	
71142.0	10.44278	0.33587	0	
15029.0	1.363447	0.620841	1	
21910.0	12.326672	1.592608	2	
26080.0	11.318785	1.510979	2	
40699.0	3.200912	0.309679	0	
31033.0	10.555573	0.403927	2	
41544.0	8.777129	1.111464	2	
33553.0	12.591889	0.686581	2	
22845.0	14.715782	1.503758	2	
68737.0	7.528533	1.657487	0	
25783.0	9.945307	1.287952	2	
33114.0	9.489005	0.827814	2	
31033.0	10.555573	0.403927	2	
44432.0	8.346618	0.042318	2	
39539.0	1.386107	1.41707	0	
28521.0	2.94307	1.446816	0	
25783.0	9.945307	1.287952	2	
79194.0	15.14946	0.53754	0	
28521.0	2.94307	1.446816	0	
43075.0	10.086796	0.570455	2	
26226.0	8.242553	0.279069	2	
33794.0	0.69763	0.966786	0	
38579.0	10.202968	0.452363	2	
13113.0	2.389084	0.119284	1	
49901.0	8.334306	1.6466	2	
17262.0	2.540946	1.583286	1	
27953.0	10.9717	1.221787	2	
9069.0	6.401969	1.691873	1	
264.0	3.871808	0.552602	1	
1155.0	0.410392	1.313401	1	
7513.0	0.0	1.126053	1	
55601.0	3.347111	0.914294	0	
65915.0	3.868359	0.128078	0	
32565.0	8.346684	0.253317	2	
69364.0	12.089835	0.521631	0	
26376.0	1.995833	0.267826	0	
75668.0	16.207776	0.584973	0	
10480.0	2.813428	0.819419	1	
41571.0	11.642307	0.438553	2	
43231.0	9.85327	1.521432	2	
27545.0	3.877472	0.4016	0	
26397.0	10.539731	1.638248	2	
12556.0	3.690342	0.462281	1	
26241.0	9.824777	1.346821	2	
6178.0	1.212255	0.836807	1	
52440.0	10.244706	0.280539	2	
14883.0	4.575443	0.535671	1	
37433.0	8.038764	1.08391	2	
26866.0	12.824376	0.890411	2	
77758.0	6.615512	1.521012	0	
81046.0	15.833048	1.568245	0	
21808.0	10.725607	0.588588	2	
21704.0	10.098356	0.704748	2	
21704.0	10.098356	0.704748	2	
4805.0	11.438702	1.556334	2	
70096.0	10.965926	1.212328	0	
72993.0	10.14174	1.032955	0	
36715.0	8.129538	0.329913	2	
23503.0	10.734007	0.103715	2	
19198.0	9.628339	0.985462	2	
56594.0	8.956369	1.193484	2	
11992.0	0.0	1.606849	1	
27268.0	4.398172	0.975024	0	
39336.0	10.054373	1.138351	2	
72000.0	9.032486	1.461809	0	
42666.0	13.276369	0.54388	2	
74676.0	14.44574	1.21116	0	
35665.0	12.473921	0.16291	2	
12556.0	3.690342	0.462281	1	
49112.0	7.038205	1.211329	2	
44883.0	11.89889	0.406441	2	
11878.0	4.934374	1.520028	1	
16037.0	5.796735	0.935893	1	
81597.0	11.221874	1.395015	0	
42377.0	6.319522	1.058602	0	
4249.0	5.332865	0.109288	1	
6808.0	1.364838	0.640103	1	
34914.0	11.773195	1.262621	2	
6468.0	6.067568	1.327047	1	
51052.0	4.680098	0.625224	0	
1148.0	0.0	0.332365	1	
28454.0	11.695276	0.679015	2	
13994.0	12.908384	1.657722	2	
12518.0	4.662664	0.495403	1	
11210.0	3.929456	0.025466	1	
22730.0	4.545711	1.233254	0	
19600.0	11.155826	0.335131	2	
39075.0	14.677836	0.793183	2	
55164.0	4.50874	1.036192	0	
6487.0	4.750964	0.55824	1	
1774.0	4.682812	0.578112	1	
59333.0	7.184595	1.261338	0	
11160.0	0.0	0.72217	1	
26575.0	10.650102	0.866627	2	
48915.0	3.085853	0.967899	0	
7826.0	2.531885	1.659173	1	
41740.0	9.609836	1.438105	2	
36642.0	3.14931	0.639669	0	
53644.0	7.973845	0.307364	2	
12705.0	0.0	0.948004	1	
38010.0	1.06587	1.141569	0	
27223.0	8.361362	1.643204	2	
28168.0	13.860672	1.29327	2	
68997.0	9.778962	1.195498	0	
43547.0	1.826637	0.811457	0	
1593.0	4.752134	0.359205	1	
7487.0	0.0	0.645045	1	
77372.0	15.29957	0.331351	0	
32907.0	7.072764	1.117386	2	
37072.0	13.245859	0.927465	2	
26728.0	10.962941	1.037324	2	
23817.0	2.449378	1.32256	0	
35135.0	2.4353	1.211744	0	
587.0	0.177621	0.162614	1	
26728.0	10.962941	1.037324	2	
62911.0	7.193166	1.117456	0	
30819.0	11.11166	0.989159	2	
69209.0	11.339537	1.06874	0	
33835.0	8.188005	0.964896	2	
55264.0	3.467074	1.231019	0	
79341.0	10.702532	0.204792	0	
12495.0	5.559181	1.357926	1	
14851.0	14.305636	0.632317	2	
6121.0	8.339588	1.443357	1	
70527.0	10.75049	0.097415	0	
27268.0	4.398172	0.975024	0	
19780.0	1.376085	1.178359	1	
31390.0	11.053664	1.180117	2	
5832.0	0.0	0.089749	1	
37302.0	14.115544	0.676198	2	
13398.0	0.0	1.104178	1	
53376.0	3.399331	0.077501	0	
22834.0	4.459495	0.538867	0	
76319.0	15.04044	1.366898	0	
13605.0	9.627613	0.935842	1	
39710.0	10.365836	0.505898	2	
37760.0	12.310404	0.259339	2	
67066.0	7.541444	0.809226	0	
33944.0	10.606732	1.253858	2	
8848.0	3.543989	0.345853	1	
30302.0	8.243063	1.122768	2	
16801.0	8.585227	1.455708	2	
57350.0	2.579801	1.149172	0	
41544.0	8.777129	1.111464	2	
6131.0	0.608457	0.51222	1	
8762.0	6.802144	0.615284	1	
13301.0	5.655826	1.582159	1	
55895.0	3.027528	0.885457	0	
8571.0	1.924045	1.664782	1	
9452.0	3.214568	1.083536	1	
8554.0	2.507302	0.869177	1	
36715.0	8.129538	0.329913	2	
37447.0	1.990976	0.378081	0	
31685.0	7.228002	0.67067	2	
45944.0	9.213215	0.797743	2	
8700.0	0.0	1.424017	1	
14113.0	4.269419	0.134181	1	
70204.0	13.663189	0.133251	0	
36715.0	8.129538	0.329913	2	
8998.0	4.156252	0.097109	1	
44373.0	4.391522	0.8071	0	
14011.0	0.404888	0.459517	1	
37302.0	14.115544	0.676198	2	
16633.0	6.956372	1.519308	1	
2493.0	0.034087	0.335848	1	
44432.0	8.346618	0.042318	2	
10753.0	2.62869	0.44432	1	
69643.0	4.624115	1.185192	0	
7010.0	2.971931	0.034321	1	
11272.0	3.365027	1.014085	1	
2763.0	0.646828	1.266069	1	
34844.0	8.889202	1.665414	2	
4446.0	5.42028	0.12731	1	
69058.0	8.229125	0.195886	0	
57070.0	1.587247	1.456982	0	
17824.0	0.01954	0.977949	1	
42173.0	10.081853	1.376745	2	
41544.0	8.777129	1.111464	2	
24091.0	2.317302	1.411137	0	
44591.0	11.521298	0.30086	2	
38334.0	9.359918	0.052262	2	
66972.0	9.129253	0.594089	0	
42181.0	6.796548	1.112153	2	
6013.0	9.378238	0.307392	1	
